[192, 23, 23, 23]
[23, 23, 23, 23]
[23, 23, 23, 23]
[192, 168, 1, 100]
[34, 34, 34, 34]
[34, 34, 34, 34]
[192, 168, 1, 100]
[192, 168, 1, 100]
[12, 12, 12, 12]
[25, 25, 25, 25]
[192, 168, 1, 100]
[25, 25, 25, 22]
[252, 25, 25, 23]
[192, 168, 1, 100]
[23, 232, 32, 22]
[23, 232, 232, 2]
[192, 168, 1, 100]
[22, 2, 2, 2]
[22, 22, 22, 22]
[192, 168, 1, 100]
[23, 232, 232, 23]
[23, 232, 2323, 23]
[192, 168, 1, 100]
[22, 22, 22, 22]
[25, 23, 232, 22]
[12, 12, 12, 12]
[192, 168, 43, 145]
[23, 23, 23, 23]
[192, 168, 43, 145]
[23, 23, 23, 23]
[23, 23, 23, 23]
[192, 168, 43, 145]
[23, 23, 23, 23]
[23, 23, 23, 23]
[192, 168, 43, 145]
[12, 12, 232, 23]
[32, 23, 23, 23]
[192, 168, 43, 145]
[23, 2, 22, 23]
[23, 33, 23, 23]
[12, 23, 23, 23]
[192, 168, 43, 145]
[33, 23, 23, 23]
[12, 23, 23, 23]
[23, 23, 23, 23]
[192, 168, 1, 100]
[23, 232, 23, 23]
[192, 168, 1, 125]
[192, 168, 1, 126]
[192, 168, 1, 127]
[192, 168, 1, 128]
[192, 168, 1, 100]
[192, 168, 1, 125]
[198, 168, 1, 126]
[192, 168, 1, 125]
[192, 168, 1, 126]
[192, 168, 1, 127]
[192, 168, 1, 128]
[192, 1, 168, 125]
[192, 168, 1, 125]
[192, 168, 1, 126]
[192, 168, 1, 127]
[192, 168, 1, 128]
[192, 168, 1, 125]
[192, 168, 1, 126]
[192, 168, 1, 127]
[192, 168, 1, 128]
[192, 168, 1, 125]
[192, 168, 1, 126]
[192, 168, 1, 127]
[192, 168, 1, 128]
[192, 168, 1, 125]
[192, 168, 1, 126]
[192, 168, 1, 127]
[192, 168, 1, 128]
[192, 168, 1, 125]
[192, 168, 1, 126]
[192, 168, 1, 127]
[192, 168, 1, 128]
[192, 168, 1, 125]
[192, 168, 1, 126]
[192, 168, 1, 127]
[192, 168, 1, 128]
[192, 168, 43, 36]
[192, 168, 43, 41]
[192, 168, 43, 211]
[192, 168, 43, 193]
[192, 168, 43, 36]
[192, 168, 43, 41]
[192, 168, 43, 211]
[192, 168, 43, 193]
[192, 168, 43, 36]
[192, 168, 43, 41]
[192, 168, 43, 211]
[192, 168, 43, 193]
[172, 17, 0, 2]
[172, 17, 0, 3]
[172, 17, 0, 5]
[172, 17, 0, 6]
[192, 168, 43, 145]
[23, 23, 23, 23]
[23, 23, 23, 23]
[525, 25, 25, 25]
[192, 168, 43, 145]
[23, 23, 23, 23]
[23, 23, 23, 23]
[23, 23, 23, 23]
